0,1,2,3,4,5,6,7,8,9,10,11,12
-453.7928,0.789983,2.1376383,19.761133,1.0160918,8.964427,5.8034606,3.8909695,1.9772499,3.7520902,2.651129,0.016965246,4.741922
-324.62283,44.595684,-19.204126,25.440231,-1.6639194,27.063929,9.583813,16.33971,6.0749574,7.499262,3.6840572,-6.832931,1.7783625
-269.762,70.79111,-55.924328,-6.593776,-24.01623,10.391128,-1.815046,15.454718,13.440674,10.385783,7.9682937,1.6711183,11.589306
-301.7121,62.086044,-37.074123,4.1411424,-28.993711,-7.2617073,-12.385115,-0.84989643,2.7425528,-9.602449,-11.39787,-0.62404567,5.024488
-247.69191,73.206665,-23.740383,36.585686,-8.971981,8.688284,-25.243536,-3.134409,-7.728713,-8.713007,-12.595305,-17.010088,-9.580732
-328.12415,111.52011,31.114391,51.801235,40.82759,28.743954,13.149914,13.197393,14.256185,9.37274,9.683041,7.2310643,6.8517995
-370.37326,100.54246,55.74113,57.45379,43.350224,33.31205,22.874958,16.449915,12.30086,11.516707,13.610148,13.712675,8.877837
-259.8433,104.36382,-13.403518,42.67144,26.693058,40.088177,14.617267,13.356933,11.077837,8.024458,14.502185,12.417829,7.735157
-241.24698,82.02399,3.6820803,59.496643,10.743535,37.569508,15.1487,24.661568,12.653256,14.777626,4.9298215,5.3248134,3.5843775
-205.92137,62.947163,-18.36623,76.54451,10.000205,28.184355,-2.1403584,15.300017,2.4552102,10.761155,0.9415801,-0.07969151,5.783584
-235.31195,87.13562,11.333747,61.381207,7.341043,35.536266,11.331532,21.807285,5.7709856,9.006103,6.783032,8.9145,-7.715302
-246.63235,108.1583,22.495947,43.582893,-8.128461,15.332764,5.009135,27.635893,11.64615,7.9902644,1.103401,17.869461,12.947434
-248.33423,106.90072,24.756866,56.34489,16.801907,35.464684,8.87157,19.342379,7.2046685,11.084599,4.3528404,11.552781,6.006444
-234.93779,115.03441,-1.4557871,61.440845,36.744957,25.565361,-12.475335,7.5507627,18.192133,13.369647,1.3604234,4.8008666,4.8485084
-276.09122,126.07671,-15.642845,22.598093,34.87906,33.887283,31.77013,24.860317,22.101072,15.833859,10.080185,10.340911,5.787449
-385.2835,93.21179,36.69173,32.400692,37.143833,31.23849,30.03517,25.776426,18.640247,16.669361,14.148801,10.031379,8.72385
-321.6712,110.31166,35.965736,49.62515,32.996292,31.388218,20.2335,17.843607,14.418146,12.313944,8.139558,3.0903707,-2.6005156
-252.78157,105.31087,-5.2559175,45.351894,13.439016,18.125914,3.9240127,5.303989,9.815513,13.210145,4.6151705,3.2240083,-4.4719467
-325.18015,113.95305,34.207706,52.760757,40.879787,29.471117,15.261855,9.537503,11.285552,9.610066,4.850664,6.0169463,4.8683987
-280.70682,124.89068,29.053955,39.37019,7.418806,14.360099,13.615048,26.33746,13.401344,3.4680803,-2.4267766,6.9517107,0.75985557
-181.07735,80.19713,-1.2534955,68.13642,-7.2526464,30.312075,2.341574,28.35176,8.926804,16.05058,1.9315116,12.879552,5.2680817
-190.05618,78.10549,-10.391737,82.19806,21.517786,39.450962,-1.8967065,15.484875,6.379325,15.310602,1.8266021,1.6027316,3.505049
-215.45908,111.00311,-4.5990596,67.86989,28.429585,32.81601,-11.2333,8.260711,15.689579,11.704964,0.28188625,-6.5456324,3.90365
-218.17612,105.73038,-19.363024,46.49803,12.664158,41.34415,19.76381,22.91549,18.831385,11.96961,9.334263,9.656154,6.9057837
-296.6215,114.10282,7.559057,28.46311,18.141443,26.469984,18.490927,20.313292,21.277546,12.8032465,16.3271,19.398186,12.0614395
-250.22076,100.58717,17.236437,42.224205,9.223026,32.46617,12.188886,28.894106,11.712336,11.371684,4.8734074,10.648948,1.4750291
-266.30258,101.99867,14.853127,50.011356,11.56221,18.790186,6.939812,17.627243,4.798195,7.8544774,4.068188,9.234574,5.5198956
-300.72842,119.76023,30.43865,44.43037,25.276518,24.657993,19.871336,19.892992,4.3001285,5.7308564,9.058874,9.482703,2.67263
-241.37338,128.88655,14.589292,39.85936,2.5000849,16.945572,2.9538813,20.221657,18.12036,-0.04239925,-1.3251617,23.52456,14.470904
-218.22205,124.9042,13.473395,39.816223,7.95525,33.15469,2.841336,21.653973,11.708889,11.18068,-0.5146841,7.0099154,3.1927462
-216.66768,90.66696,-7.898352,80.6672,28.74077,31.365816,-5.7436748,8.58879,18.067322,19.449276,-1.3385841,0.14810921,4.566517
-227.46593,105.99595,-32.894382,31.47534,14.661062,39.636974,30.362125,25.596209,20.883007,21.095196,11.699409,9.779076,7.4270515
-398.23532,89.87505,47.708035,36.276672,35.834587,30.896606,28.73011,25.443989,19.421478,16.368595,13.6348095,10.103582,8.896388
-160.81714,81.84959,-24.407988,55.4937,2.12006,46.355995,9.879614,20.524204,8.747202,19.005785,11.446936,13.393349,-3.1848407
-191.12686,96.75802,-23.75574,76.63165,29.500315,35.335857,-16.145714,6.71763,13.52263,7.830582,3.8984697,1.5660603,3.026253
-191.24625,102.09559,-20.69283,59.925053,16.503223,36.304813,-2.8611162,6.4548354,11.260512,19.82877,8.539511,9.787918,14.486349
-250.56554,121.516396,-15.339519,33.81234,6.641684,24.57729,17.868567,6.5646663,22.413221,14.01763,14.720293,26.022108,17.796019
-209.82216,101.575005,1.4582976,69.022896,15.172819,42.611942,10.470379,10.65824,14.626342,12.613397,7.314267,9.826285,4.1168222
-156.18547,112.65264,-28.008883,54.950024,0.7879208,31.262846,-8.328671,6.79434,9.715821,17.724241,11.677087,7.201657,8.552167
-190.08334,119.79632,-18.84525,42.30614,7.8328524,37.124416,4.7076735,15.939413,8.318128,14.843805,16.096262,11.60405,10.988156
-223.0837,118.62803,-4.232066,38.44474,3.4877212,37.007767,15.482666,28.457039,15.5497,15.564753,12.35339,1.6859763,3.3181944
-227.46512,91.68867,16.47964,56.383057,-4.6430936,40.100372,6.9528704,18.083017,2.8106215,17.2148,10.561208,7.874522,5.3080115
-218.08183,90.91107,5.1801286,64.84706,8.703425,44.98993,4.6126523,12.281038,-4.8924346,8.301916,9.349812,7.57005,6.3697276
-167.86664,111.04555,-28.001184,50.36768,-7.4204597,22.656242,2.2723663,19.367788,8.8586,15.360625,8.054775,5.094746,4.2887025
-183.09505,88.03,-3.3187869,62.718456,3.256078,41.448906,-2.4656675,16.107796,-0.79180235,18.85915,7.545163,7.3892198,0.02540757
-186.91714,117.29267,3.9836798,48.274853,-1.7532712,34.989758,-1.4701436,9.367559,-4.918753,8.824843,2.0043035,11.252735,3.200387
-158.64247,96.49517,-11.308577,60.616222,0.50613844,44.11426,-7.151706,5.797602,-3.8911912,10.138953,9.419947,15.596197,12.664743
-155.22916,84.54176,-20.25842,55.162415,-12.658735,43.144905,-4.7524366,11.358856,3.5714822,25.269356,17.265219,15.606733,8.727129
-176.60118,96.68968,-32.226124,35.43273,-1.5061692,52.039795,10.906592,27.732464,12.154052,15.292132,6.677804,6.044924,7.527409
-230.64035,111.20313,-3.4714303,41.91158,9.669702,34.058064,3.580084,19.147825,10.495559,15.889866,12.549107,5.1827483,4.6110945
-226.32765,88.16794,5.029848,64.08952,7.0630803,38.456787,7.9228864,21.696274,0.54559326,10.435136,10.502721,6.801605,8.831602
-198.02452,104.31115,-18.308168,47.877567,-2.73707,24.690458,-3.1838996,12.212719,7.413117,15.22871,9.513539,9.07067,6.5167437
-200.90369,101.7511,-5.0190535,56.972042,1.9559712,29.24912,4.4420476,25.642916,9.065562,15.691944,4.430812,-0.7542363,0.5972405
-203.09888,118.65473,2.7121701,37.816788,-11.871156,28.462177,6.865323,23.241062,2.2928057,7.0296807,4.4244366,10.63092,8.72197
-148.22296,114.393166,-11.964939,52.512367,-8.624482,26.71681,1.9646224,21.586588,5.28277,12.88982,5.4524126,13.5110035,8.033544
-146.74513,105.68214,-27.848541,49.36049,-10.282992,31.080359,-6.364118,10.921391,3.2073357,16.738482,9.534054,17.079205,11.192098
-142.86891,115.27539,-38.29281,42.935017,-0.4791723,37.677647,-0.6413553,6.01466,8.585504,29.049734,9.839149,12.289437,13.250329
-188.90236,117.092255,-8.373707,53.711983,5.509217,30.804707,-4.6911597,12.962652,7.1210446,11.506635,5.7417397,6.9918594,3.4437277
-200.72125,94.97478,5.6650786,75.3213,-1.837658,30.096312,7.7138424,19.655182,5.517004,6.8517714,5.894511,7.140988,1.2314487
-225.9986,102.49275,8.575015,50.654167,-1.4227239,35.441277,6.5680265,17.200905,6.100869,17.91335,12.741584,7.7043576,4.8543835
-172.48662,103.40295,-24.242756,52.340084,5.047533,25.807775,-3.916704,13.072402,5.9685063,16.060215,2.0954294,9.47942,5.924405
-209.71718,88.89672,-3.9137013,64.538925,10.111185,41.96267,1.9535155,18.667486,5.9820166,15.517131,10.909661,8.85042,6.487831
-183.59802,72.27818,2.382327,72.083305,-7.0079937,41.263424,6.124327,21.307384,-1.7988976,19.221691,2.2046895,3.2270768,-0.47976583
-128.89268,105.89293,-27.074749,40.54794,-23.020489,28.315699,2.4890244,36.48295,4.5009193,11.037796,1.4795703,8.59951,18.287985
-158.28119,120.210335,-35.726227,22.599535,-8.779512,31.66254,3.3506167,28.332705,9.881877,13.539322,9.4606085,9.10781,5.1644
-227.61319,107.2603,-17.533993,29.430338,7.7628484,44.25947,20.100529,32.325512,17.496483,18.380959,14.200285,5.4866347,11.709426
-252.06116,76.28834,6.5898595,58.08468,0.8600375,43.100243,19.182302,20.010834,7.4770856,13.78188,15.436302,14.485913,8.344277
-143.79602,100.93801,-25.73306,41.433758,-26.191105,27.128687,4.494447,33.87434,6.2225833,10.747451,1.8149756,6.62502,20.444946
-164.7468,106.193855,-54.642437,9.185773,-30.630018,10.108638,-10.028831,16.573053,0.22331646,0.8262361,0.15577598,3.744191,2.4210923
-319.01395,109.37962,-3.615108,-10.793128,-14.19487,-1.5815265,-0.3795182,6.701059,5.366217,-0.28829917,1.7611611,3.182345,-10.1068125
-394.69492,90.95239,29.572655,-3.8536413,-2.6268115,2.7576177,-1.5181212,-6.091423,-5.5296636,-3.8661377,-4.445882,-9.788116,-21.065586
-379.68433,99.593895,24.722267,-0.30103374,9.078918,2.0871708,-21.711622,-36.932823,-36.064724,-26.406797,-19.082905,-20.093664,-22.880337
-139.76404,88.95197,-5.417839,26.436796,13.700738,10.465781,-10.176219,4.5161943,-8.7741995,10.159178,7.230833,13.214519,-0.38885623
-87.757355,83.0406,-24.706047,38.5395,-0.6153113,23.11234,-0.19003274,20.716686,3.0899503,15.248186,9.548474,21.007729,11.490413
-174.86401,91.28158,-14.799142,45.594574,-1.9957726,22.369501,6.186454,20.592487,3.2223766,13.833362,12.610883,19.305197,14.923349
-153.04254,94.63715,-12.290306,45.020344,-1.7476426,25.463345,-1.5632476,20.977676,5.51395,13.789312,2.2760808,2.499118,5.3301573
-82.0246,105.89042,-29.60351,29.46385,8.591432,16.975937,1.0592258,20.070864,7.9201016,14.183661,8.3513775,9.988381,12.684241
-97.10637,105.1503,-21.7519,32.027283,11.116888,20.65467,5.1282506,15.227099,8.351652,12.408599,8.4234915,3.5373337,2.2122855
-158.88185,106.09168,-20.310106,35.354515,-13.300758,26.007072,1.9864341,26.813663,9.126185,18.113258,6.2144833,8.640547,19.211006
-144.02039,97.74435,-19.136564,48.803314,-12.325177,29.866262,0.25131005,23.157963,5.523117,12.420989,5.469688,4.537631,4.5007873
-114.752235,105.23816,-17.218616,55.255672,3.223813,24.097122,0.28756997,22.043264,8.093848,6.424677,-0.37796655,8.429088,8.089042
-84.32161,111.15702,-21.214766,34.19514,14.911323,20.300806,6.034573,14.081422,7.8512177,12.348292,5.685727,6.786999,4.2891316
-198.20332,114.321945,-19.075113,35.957253,2.7371714,32.94673,5.8178854,19.530762,11.156037,18.549818,12.356866,6.415224,15.707738
-217.40819,112.97691,-0.5377881,41.05305,12.094791,32.07543,1.7719802,4.7026396,7.073108,7.9092493,6.3794994,-4.9359837,5.309289
-101.64581,109.223,-19.613968,31.112265,7.4971166,21.819021,0.3539385,19.573523,11.120701,9.627516,1.8007798,3.901769,5.47067
-94.21669,117.4541,-13.830378,32.344757,13.2650385,12.32975,5.161713,18.812511,15.056065,6.5166497,2.92584,9.166152,8.086658
-154.7842,107.70015,-16.678534,41.27462,4.2486978,29.10075,-2.6737502,5.880485,1.780541,7.802752,3.0650997,1.9410557,13.334235
-157.01021,103.50082,-31.160881,36.138744,-10.947682,28.986103,2.2787042,9.187499,-0.007892188,14.426366,16.421795,13.2806835,14.214288
-104.73159,93.702484,-35.062626,50.51731,-6.2032647,33.39295,0.037090823,16.699755,1.7639244,14.721329,0.187184,5.9399753,1.0284735
-61.036217,78.98807,-17.080206,43.097824,8.878803,19.961454,-0.44814816,21.782526,3.7824423,20.469143,8.099262,15.933297,-0.8381626
-126.07159,92.320305,-30.639868,41.614258,-4.155105,26.372307,1.8233515,21.132423,2.3237188,14.266691,5.7105775,7.2640333,2.2057612
-215.73427,102.228485,-16.957933,52.584297,5.9804044,25.504463,4.8576765,18.710762,5.4882417,10.183557,15.979756,9.907545,11.708858
-132.83983,85.8379,-14.2065525,42.656933,-2.5197496,34.089455,-1.5333188,12.649928,2.3394928,8.043617,5.3806148,8.55665,8.482406
-77.21928,110.22191,-30.427258,27.95971,0.25359166,22.637026,-0.8455774,10.892355,10.842283,9.412232,10.17671,18.371008,11.9668865
-100.61873,109.01404,-17.849747,30.625908,-2.1514585,20.90442,1.9240366,16.028948,4.9940023,7.161422,3.541758,4.0410786,9.849518
-147.37372,118.61716,-29.404564,31.474754,-19.124352,25.53869,7.286137,22.559994,8.742275,13.49921,0.88080156,1.769354,14.858957
-133.01614,107.760025,-26.66812,48.59198,-11.983012,17.270983,5.7054443,20.741737,10.000976,12.486856,2.4808047,1.8527164,4.3223104
-105.189964,101.76264,-37.944904,47.372234,13.563363,21.714525,-1.6173238,14.3352375,2.3384118,8.437954,1.892331,8.214033,8.340577
-96.465935,118.25421,-17.022446,31.101358,8.971859,14.273374,-2.6017728,17.166183,4.785068,5.728194,-1.7131828,0.29751265,-4.315571
-171.23907,128.95282,-29.125551,34.952065,-5.158907,24.59178,3.5668545,20.367283,6.266936,8.290335,5.4962044,-3.4827843,5.593353
-117.37919,131.27448,-47.695625,29.920912,-29.16219,16.729774,3.635815,23.042706,7.44045,7.2314267,1.9611969,1.1369818,10.284457
-84.487625,107.97584,-31.887781,40.81755,5.53058,17.785881,5.9374933,15.896389,3.7368438,7.3992634,-1.8472309,9.823893,8.324333
-72.38708,108.37768,-19.654373,47.040943,5.7549696,18.007051,7.6258273,12.602383,7.0669427,1.9097643,-7.104998,5.657269,1.2897984
-102.85438,85.54356,-9.509172,57.868813,-14.002198,34.066628,-4.203668,18.398144,7.2619658,7.143662,-8.334467,4.0974064,-6.983978
-104.64361,109.94443,-25.999458,52.39923,-7.706696,32.466854,-5.9088564,6.8760233,7.8508897,-0.71566814,8.065595,7.474581,11.099189
-49.976143,90.75871,-11.443815,46.634403,10.747257,21.920902,-0.31603163,9.129823,6.903145,10.248635,8.386046,13.02902,9.623419
-51.241665,81.95236,-10.428235,42.637413,12.18511,20.673254,0.14059545,18.432886,-2.604788,12.078434,4.2898817,16.512587,4.874041
-102.08489,95.59049,-22.791784,34.71023,-11.447031,18.98383,-1.0582238,20.75119,3.105114,15.5502,9.118052,20.747051,10.84238
-177.4756,102.111786,-11.981486,47.50018,0.118489176,22.410362,5.6318655,19.63933,2.7961047,13.915916,10.90226,16.324581,10.36129
-115.783875,104.64507,-16.068901,34.12851,-4.5074315,23.795153,-2.397527,22.35442,6.66264,12.112269,0.32242468,0.04693542,6.3718667
-81.76474,109.12412,-25.302746,32.986103,15.010458,17.881735,4.0571003,13.791725,4.329253,8.883504,8.96596,10.123703,10.295866
-104.61977,110.76483,-27.244303,26.919079,-5.830636,18.469818,1.6425675,18.029732,10.974302,20.443123,12.8115835,6.183522,8.010291
-143.54254,115.83253,-18.52613,34.23773,-18.042301,19.061953,-5.663482,23.288858,8.059305,12.013221,5.3408484,7.121072,13.736595
-132.78944,100.11718,-13.080951,50.867214,-11.056653,28.986443,4.747254,23.120892,4.1544766,6.592795,-2.5913734,4.6609435,2.337326
-96.289734,117.261444,-15.91349,46.867527,5.398934,16.56856,-0.684755,20.950624,9.816466,10.37946,7.1647263,10.322969,8.525106
-102.27043,109.99695,-23.275194,32.189053,2.9477944,21.98182,0.18745399,13.388846,4.880425,12.84234,7.4164023,11.973659,8.952312
-212.01424,124.747444,-10.402844,38.36292,2.1067793,27.132097,0.6906962,10.995665,7.3198195,13.309096,8.721466,1.20093,16.282146
-175.00229,114.41627,-7.528464,36.784065,8.509405,31.321161,-0.9581811,4.597708,3.9048264,1.1673002,2.2006197,-4.9163413,2.0886421
-97.39293,119.736725,-17.823048,23.10081,-2.7542977,13.249762,4.4715085,28.468966,19.042885,10.507508,1.2834721,7.745384,6.77435
-89.95959,115.458176,-17.055727,34.32045,16.133299,17.407799,2.4873366,13.791474,10.618232,4.5179763,0.66275424,4.233261,3.5197306
-165.76953,115.90674,-14.803388,43.63456,-1.7590944,26.819546,-6.7627597,4.8725266,0.8846267,12.841493,7.906796,4.6914577,13.43178
-126.75063,118.86755,-39.6113,35.973164,-16.826063,25.090826,-4.899696,13.984971,-1.3740052,12.715241,9.299632,7.461953,7.253152
-87.55635,95.32947,-29.011168,46.92895,-10.377479,28.279215,1.4970223,20.37116,1.544427,12.214111,-4.950393,5.3305907,-1.211942
-53.006153,86.998566,-16.952019,39.216286,5.887474,16.78764,-0.9792057,19.260612,3.444063,22.14927,13.260275,19.784353,2.634917
-148.80017,103.03954,-30.25842,42.316,-4.697026,28.937891,3.8786554,22.262243,2.7483344,14.759557,8.717905,9.694858,6.3451724
-205.19693,106.99502,-9.028867,48.523296,0.17604038,23.334986,6.405205,18.79801,5.515792,7.723992,11.786677,6.695289,11.249981
-101.11112,98.02077,-24.915709,32.562607,-5.916816,28.911562,-3.6266394,12.945984,1.8902065,5.3310413,2.4309514,11.216956,8.895737
-78.1496,106.592316,-28.331074,29.581062,4.6106715,25.305344,3.5792274,9.967111,9.815246,3.992151,10.065652,15.1177435,15.018996
-120.77339,117.47226,-16.19406,33.42947,-14.10499,23.559128,-0.16403162,23.10753,3.5535047,9.812033,2.6419716,5.165975,15.314895
-137.90578,123.1997,-37.934624,26.522247,-21.13605,21.765787,9.748048,21.693745,10.535243,17.756628,5.21955,9.068282,17.105267
-120.62696,112.44346,-28.357735,51.82788,-10.474505,20.430159,0.74659145,19.614532,1.5160794,3.8386557,-7.5593305,-0.70255846,2.7907343
-87.947296,111.842255,-31.215635,39.699284,13.093632,14.33285,-6.8106747,9.846878,1.3340412,5.206215,3.193287,8.024614,9.243414
-117.96592,120.92141,-15.354739,31.763496,2.2737145,17.296875,-3.4815106,13.838355,-0.7125791,2.0303874,-3.811338,-2.871164,-4.7376175
-150.03734,133.03217,-38.512127,29.478882,-16.162952,21.741398,4.52013,22.25991,8.93483,10.52544,7.8038406,-0.93591744,8.744555
-106.10365,133.07886,-46.58783,30.924606,-29.24604,14.757983,3.304638,23.172148,3.813023,2.0169785,-4.3129334,5.055465,17.635798
-76.69027,109.22615,-29.975546,38.696575,7.9777093,18.123968,6.8007374,13.954191,2.2414062,5.1059723,-3.7789946,10.811304,9.521899
-72.243034,105.91129,-17.239391,45.05334,-2.1032178,17.55857,9.413348,18.534437,8.680595,-1.9309722,-15.810274,-2.7565484,-3.5776184
-108.171036,90.28555,-15.59589,54.854263,-13.323536,39.49379,-4.5921326,17.532873,8.13472,3.3766146,-7.0742927,5.238991,-1.0369753
-89.0114,102.56343,-29.208345,50.536472,-6.2020035,31.515717,-0.6858681,13.883183,11.300757,6.1002283,11.550225,9.578235,10.413597
-50.323196,89.04441,-8.561719,44.502262,11.455701,21.83661,2.548501,11.028158,5.0947347,9.193076,4.1830144,12.712226,10.095166
-64.08886,81.590256,-10.054892,44.33218,8.633508,15.686957,-2.9134202,19.15822,1.4480598,12.155739,6.326521,19.627605,13.018356
-142.15968,94.03825,-12.636227,45.029255,-12.219448,18.845295,-1.4872736,21.199282,2.8552005,12.07275,-2.7460756,8.559106,5.653408
-171.87267,107.96575,-11.154795,50.713192,-13.056149,8.10491,-1.4823304,19.666231,11.467364,11.162546,-2.8532498,3.7661116,-2.9986367
-117.17639,107.681694,-17.015738,38.242527,4.462694,10.475781,-4.07182,21.628893,13.337254,12.181029,-0.2838446,3.1412303,-0.7642588
-103.50098,110.45628,-17.006258,38.10008,18.563623,14.05,1.6324757,14.260119,11.753015,9.474013,6.8991876,3.594042,4.0944057
-156.24565,80.620705,-8.104136,48.875526,1.016357,32.459076,2.1108856,19.97738,5.879589,11.025349,4.9562306,0.99663395,-2.8289742
-130.644,106.832146,-35.32825,49.078896,-7.9180894,29.379976,-13.555585,5.3043747,7.5702643,5.752518,6.041212,9.405445,8.920478
-98.487144,93.18422,-24.479546,67.281685,-8.730452,35.07486,-18.125763,10.531889,0.30126083,12.541905,-2.9132893,0.2245412,-4.538576
-76.93178,109.98607,-20.62746,42.129467,9.772982,18.678928,-4.7194505,14.680069,8.428394,9.052564,6.3323393,6.837966,7.9471736
-133.5793,108.15409,-22.253462,29.702879,1.976362,22.214563,-2.9693072,16.095228,1.1504662,4.8724084,-3.6657586,9.997265,12.04722
-213.48703,117.50728,-0.816708,44.848286,-10.744513,11.423086,-5.1151114,16.136496,15.332535,8.803224,-3.8609915,4.5712953,1.9986223
-168.83832,108.8706,-10.864729,48.39108,-10.845374,11.488123,-4.7378526,17.95016,13.915062,9.067016,-9.417523,-1.5255966,-6.4853077
-99.167046,116.91045,-9.61334,41.634518,16.631727,8.95908,-2.0133414,18.891045,13.287127,10.187595,4.6639314,9.871233,-0.88262194
-111.98587,99.565735,-7.1919537,45.534393,12.809431,16.569443,4.218494,15.411032,14.353347,9.296784,2.9679887,4.4634075,2.5003486
-250.33511,138.1436,-15.942404,17.29316,11.540528,9.918,-0.839738,3.078246,12.305833,7.071029,16.1531,23.439732,22.16855
-317.48016,118.986885,1.9917196,6.0902824,4.4352403,-11.093546,-18.541351,-13.055551,-12.4400835,-17.206274,-12.266336,-4.1653337,-3.852993
-255.47964,131.63629,5.1665244,18.822462,-8.088219,10.380761,-6.8666515,-4.425661,-3.6719825,-15.434221,-13.610372,0.47457197,3.202937
-212.71739,117.15118,-17.42729,40.38063,6.0706525,29.234943,8.952918,32.57567,25.913643,15.882827,19.447592,6.24899,-0.5750669
-304.47662,113.598885,58.685806,56.68655,-4.9530916,20.838305,15.090419,27.3023,21.413313,17.921526,11.11901,-5.4758816,-5.1478825
-285.1406,120.966034,42.622833,54.172745,10.399683,20.611513,5.347037,13.435413,8.839042,15.864936,13.542806,0.79926723,-1.768697
-201.09143,113.33571,-3.8435366,55.705338,13.712623,34.857506,-0.7310013,6.4443707,-4.2876916,10.206064,8.195695,1.7281957,-2.7589417
-238.63834,99.22151,6.01212,51.88228,12.300331,34.02044,2.6409938,14.43071,-4.2109036,5.7871103,9.873183,8.483684,7.347957
-175.6747,82.63308,-3.821661,67.38171,-6.213645,36.297455,4.5370946,22.602236,-1.9746991,16.394817,7.1538386,7.628335,2.7467077
-213.82513,113.44227,11.527869,44.14255,-1.53621,27.14756,6.718388,30.138428,3.7322345,7.147715,0.49175635,8.920253,4.617157
-191.52194,93.09947,12.846673,57.60454,-5.060503,29.214024,0.7408259,28.586897,0.90163606,16.813643,8.687054,12.396087,3.736116
-225.6102,122.01199,9.875873,41.003902,-3.718647,24.59929,7.4701347,23.71114,15.205526,12.193324,8.162064,12.62167,6.651225
-217.12927,114.162476,-29.864094,26.748964,12.15657,41.447968,19.732311,28.902536,18.23088,16.317423,11.678423,1.7656949,3.3725579
-214.04994,118.53812,-5.5617447,52.360325,18.375607,27.237787,-10.492971,12.195995,14.205465,14.840649,10.090879,2.8375893,-8.9835415
-217.95056,117.3307,6.6280646,56.316257,21.725334,32.15241,-9.948632,7.232224,-2.430097,9.268948,8.4586525,2.4842353,1.2962132
-213.9354,75.06271,-5.104763,59.15892,-2.322083,31.847027,7.7318044,26.192667,0.69594526,16.86335,1.7579552,2.5821495,3.260828
-214.45462,104.182495,-7.7493944,51.32229,9.055698,33.65904,6.572543,26.16321,3.0617123,3.1893115,6.1906867,0.6178068,0.25703254
-210.34523,109.54104,-9.599598,54.520813,11.237534,26.463531,-3.8713298,12.347927,7.00988,15.9670315,6.6279764,3.503243,11.747155
-180.21695,107.14855,-5.3891034,63.497444,13.788682,36.332798,-1.5789376,14.569568,5.109506,13.843855,9.270325,10.084334,4.704478
-146.77272,113.03902,-27.223267,39.735382,-9.6533375,26.430962,-9.479551,19.499714,10.796917,13.704965,5.176252,11.22773,11.412395
-161.7288,131.28735,-14.508386,35.568222,-2.7003107,30.51799,1.8764925,21.626167,7.897654,8.867782,3.0514636,14.497292,12.839905
-131.50378,107.14893,-21.077967,62.194466,-3.1108117,34.7568,-4.065867,15.231687,-1.5229713,10.020445,4.4778466,4.3507724,-5.276035
-187.93842,97.32826,7.9248676,82.7138,-9.620442,20.964502,5.1110954,25.98481,9.149384,-0.3964157,-2.7150967,-1.939669,0.654247
-237.4661,88.82811,10.939894,64.178505,-0.11235557,27.730434,14.634362,28.60802,6.322305,13.4162655,8.847849,7.57193,7.1871276
-182.52745,110.523,-16.552689,46.69895,0.07528296,21.291903,-4.976787,16.493803,4.7185597,9.410022,0.7144884,2.7742686,1.1598929
-203.58054,93.621605,-6.3888097,62.089706,6.9078255,36.21049,2.2818093,19.963001,8.295294,13.281903,3.1057508,8.001864,8.82908
-190.68414,75.142815,1.5510389,69.36134,-2.127151,35.00608,10.049068,20.660933,-3.3704872,14.050706,0.13299692,5.2913647,1.670315
-143.1994,81.78266,-26.67266,52.9692,-19.276888,27.542824,7.2216578,43.6121,-2.9672763,8.085956,-3.1332302,9.47426,29.24177
-140.96864,87.72168,-38.24412,40.167603,-13.006772,35.915188,1.3536428,33.50832,4.998157,11.090363,6.8241186,13.227888,0.6036404
-129.3693,120.340256,-28.982224,35.883617,-15.685393,23.150555,-2.3645825,24.433372,2.1414258,6.5707474,-1.4607118,5.493546,9.499538
-131.49289,108.5718,-35.97145,33.242065,-19.209984,35.020695,4.6214166,26.402052,2.6067314,4.345131,-2.907805,5.895029,4.8292446
-145.39479,79.30764,-29.570227,51.218655,-19.549685,33.58014,11.043559,38.74142,-3.7096908,4.888997,-8.756237,2.3120918,21.900501
-222.87303,86.63677,-60.20988,7.5993624,-16.120298,0.86403334,-1.2098002,24.240067,-2.7812588,8.273901,5.4694963,2.1255088,16.390472
-256.04248,114.164116,-46.404713,-10.103308,-19.792158,-15.928342,-3.3108704,9.874051,-7.4731936,-10.110515,0.6038557,-9.383168,-24.104004
-264.8627,108.35574,-32.51721,-7.781488,-30.150017,-0.50871074,-15.389055,-11.620411,4.7458186,-23.936274,-13.671621,-12.834749,-31.345667
-161.32535,100.45761,-16.600151,53.451256,-5.368458,24.887667,8.581867,7.073258,4.8369584,5.1186476,-3.2100723,6.0078435,-6.1619596
-67.46158,72.959915,-15.29303,45.316227,11.229163,14.231262,4.9328747,18.923166,3.5748255,13.020883,4.8388352,20.18266,15.67602
-79.83777,84.48651,-23.973267,35.015907,-0.33520806,22.502686,0.31126302,20.946373,2.4253297,13.442798,8.594132,19.808247,10.966707
-169.21632,91.904305,-15.209606,45.206284,-4.992681,21.515696,4.9048333,20.488228,2.7001047,14.504247,10.608384,18.714342,14.691479
-156.1581,97.26114,-11.344953,45.674183,-1.2219867,25.763182,-0.1304988,21.428902,4.765995,13.530036,3.9341955,5.3593197,6.272309
-86.81792,105.67645,-28.020672,28.934923,5.6906247,16.176168,0.03867879,18.939955,6.50245,11.88643,6.7956023,6.780391,12.5869465
-95.57259,106.44303,-21.758307,31.5737,12.792201,19.878654,4.924257,13.229457,9.09927,9.386994,8.511016,1.5842422,1.989376
-161.57106,107.92806,-23.661398,35.968674,-15.753503,26.449917,1.1463112,27.592487,8.535951,17.76473,7.2633743,6.554644,18.934801
-148.06699,98.73612,-21.690105,48.4166,-13.342021,29.545248,0.5027414,25.26012,7.1910343,13.883501,7.214835,5.128861,4.777713
-116.41404,105.30894,-16.736502,56.28439,0.74319065,26.238695,0.93746346,23.776688,7.9319158,7.821123,-0.62496746,8.353919,6.488733
-79.68268,114.42722,-21.272606,35.36352,15.91334,18.983377,3.66138,13.436599,7.699989,11.899068,4.818385,5.919958,2.8907878
-184.57611,118.97468,-19.707273,32.35465,1.1913457,29.768847,1.9221013,14.427189,5.0846167,14.642374,8.051981,3.4826632,12.571518
-219.71602,117.58917,1.0038346,40.144123,8.343893,28.654232,1.2066915,5.515294,7.635146,6.959474,5.056407,-6.3058214,5.9901686
-103.6297,109.15857,-20.9795,33.705097,6.8086195,23.940998,-1.501002,17.83983,9.649788,9.905154,2.7594008,3.7043946,5.310194
-96.9979,117.97301,-14.899411,32.0968,13.811997,12.052191,4.937355,20.50551,15.53303,7.4280057,2.1232207,8.284751,7.920246
-148.36795,109.03706,-17.24958,40.098637,6.2859936,29.641554,-1.7475976,6.3546996,1.648798,8.09695,2.8962343,1.9811553,11.899632
-167.05939,103.70861,-28.37903,35.61665,-10.601046,30.62292,1.9423175,11.029272,0.23837467,13.062648,15.432359,11.824936,14.136341
-106.01484,95.08691,-34.29877,48.737442,-6.8457413,32.37886,0.7853406,15.576512,2.958615,14.5497465,3.3356955,7.5149508,2.5433326
-62.440647,78.987335,-15.250796,43.16196,8.612542,19.16853,0.55176175,21.08282,4.0180364,18.33561,6.0475526,13.507388,-2.0791035
-104.82822,98.534615,-30.915585,40.130627,-6.2031846,23.31071,-4.1720347,14.738148,-0.6569768,16.800713,9.997358,14.652785,8.504198
-193.80275,113.82422,-21.635195,46.87587,3.8491561,24.890055,-0.37516564,13.793004,3.0618992,11.577961,16.279005,13.536251,15.611654
-143.02718,88.64572,-12.44133,46.323578,-2.476531,35.412228,-1.5964965,13.551779,1.3236818,8.208704,4.3207083,7.587965,6.775287
-79.4477,109.77964,-31.036715,26.728376,0.28135625,23.569263,0.41499165,11.773009,12.296828,10.011971,9.970606,17.68099,11.030956
-96.63819,107.482124,-17.18314,32.261597,2.1741357,23.028824,2.9950356,15.0433445,5.9665866,6.1271896,4.187048,4.155839,8.41388
-150.39575,120.42493,-25.241287,30.033882,-17.580742,26.147833,8.522209,24.557535,9.959397,13.584638,1.8136959,1.4141359,16.846127
-136.718,108.755806,-30.300228,49.357307,-14.695141,17.316507,7.031413,22.338737,11.990839,14.492199,4.167513,1.3213212,5.7118554
-109.25193,101.39711,-40.0702,49.87427,12.458656,24.565447,-1.9617379,13.839404,0.41991797,5.7301226,-1.0027782,5.65828,7.1984134
-91.9829,120.528015,-17.891066,30.4745,12.761271,13.367594,0.17572962,17.117706,4.958442,4.5123653,-2.4213145,-1.4243897,-5.606112
-168.90974,131.56642,-24.487242,36.584545,-3.0023446,25.666538,2.6470006,18.757866,4.4581957,7.8224244,6.5396614,-2.2119691,4.6821747
-119.69187,131.37231,-48.99293,28.707117,-31.634445,15.45954,1.3507884,20.674133,7.727753,9.087143,4.839219,3.3701658,13.16465
-84.591835,111.77634,-34.404648,39.609737,2.3008974,16.92381,4.702725,16.85484,3.4203556,7.929429,-0.8483247,9.694357,9.042986
-73.36745,108.30086,-21.38849,45.39623,5.765835,18.901833,7.6081977,11.997405,6.082562,3.553932,-3.932116,8.502444,3.62023
-105.18713,86.05187,-11.243244,59.596794,-12.12278,33.556236,-2.588784,19.169863,5.063068,5.6877933,-8.916738,3.0726943,-8.10059
-105.57885,110.86318,-25.377716,51.8074,-9.531406,33.95279,-5.977442,7.067934,8.402918,0.36063975,7.3041778,7.633443,12.082096
-53.34446,92.35528,-11.508513,45.289677,9.022927,22.702215,0.070597574,9.484222,5.104518,7.7673693,6.2258515,11.030005,10.018511
-50.676456,82.488914,-7.8263855,42.34136,11.013079,17.674269,-0.43465877,16.957262,-1.5705163,13.181997,5.5169907,14.7948,3.5938323
-92.74313,100.12711,-29.269648,30.875645,-10.855011,19.889833,-2.6173677,21.347843,3.4924479,13.516956,5.977158,21.857672,10.442698
-150.22331,114.370995,-27.295132,34.32754,-6.3313246,18.77531,2.8489153,22.698994,6.3068657,11.765096,8.897499,19.91536,15.534127
-114.20012,110.15474,-20.415808,31.464432,-9.205815,20.713793,-5.165152,22.17969,5.68311,12.542753,0.8806932,2.2897506,5.3583894
-79.7909,109.82099,-26.416208,31.356403,13.230035,16.28328,3.1580265,15.245673,4.00314,8.350019,8.654196,8.431701,10.52706
-101.479416,112.0472,-26.334955,26.882715,-3.4082155,18.739063,1.39186,17.505701,11.849971,17.42574,11.136835,5.7516584,7.098473
-137.0805,114.70449,-16.961828,30.399343,-17.004606,18.87849,-5.477484,24.675707,3.758361,15.704952,2.1967368,14.329999,12.979233
-123.52967,97.954384,-16.354223,44.231346,-12.012448,27.588884,1.9085883,24.236952,-0.21685706,6.4099193,-0.034860145,10.554412,2.5229247
-91.83095,118.44836,-14.768238,42.595787,-2.6021624,14.807397,-0.09001577,28.17079,11.912469,11.119509,4.0737057,10.043334,5.0119095
-93.3219,112.508995,-24.320948,29.47727,6.449832,21.049932,-0.6434032,15.374286,5.905379,12.299143,8.39314,14.3982115,7.227535
-188.46655,124.35095,-15.89342,37.59692,-2.3126972,26.829344,-2.2678597,14.868001,5.5467787,9.4536295,5.4280167,7.3737807,17.065786
-174.65218,120.14962,-14.33065,35.306324,6.0344543,25.28862,0.20151201,7.1022253,1.5739597,-2.9676015,-0.95299506,-5.217454,8.138035
-102.42815,124.23794,-17.88257,24.494627,-2.2331831,16.293995,4.451848,30.05295,12.512486,7.4362574,-0.8192802,5.105715,4.7116194
-92.02949,114.80664,-16.867828,35.006153,17.525265,17.060274,5.3137994,17.29844,11.372905,2.9929547,-1.5338699,3.3371415,3.3394918
-154.2857,116.45451,-16.168264,38.354973,0.050100803,25.058464,-5.422935,6.946074,-0.47850543,11.681046,4.8681355,5.907545,11.924441
-123.06415,113.0883,-30.917072,30.4296,-15.103772,21.578009,-3.466848,12.518474,-6.0801454,15.254119,4.0032268,15.021873,3.4161565
-88.10252,95.43715,-30.68443,45.341373,-10.968391,30.13998,3.218672,20.521082,0.4479134,12.84657,-5.572003,5.873681,-1.8692144
-51.35463,85.592476,-17.55316,39.09762,6.3318644,16.79518,-2.540128,18.05849,2.1481986,21.642698,11.749491,19.412556,2.662592
-136.4366,104.77942,-29.136127,41.91078,-6.840296,26.43424,0.6588633,19.925219,-0.47706294,11.927641,4.964988,9.921923,7.11914
-197.10269,115.15553,-17.11447,44.63365,-2.05208,23.244188,5.220494,19.249166,0.39576212,2.9307582,7.5348864,9.034422,15.1184635
-102.446106,96.40488,-20.010649,34.010063,-6.5595427,29.305548,-4.4618683,13.006374,1.0109959,6.1032424,0.6437499,10.5175495,6.558813
-77.60089,107.115204,-30.792488,27.655762,2.8154066,25.946959,3.711474,10.563673,9.199019,3.8706808,8.139573,16.219612,17.455917
-111.83571,115.99337,-16.821144,31.172934,-12.285275,21.659044,1.057246,20.10762,3.0546982,6.75398,2.8170488,6.744065,18.55156
-127.67557,115.374886,-33.619267,20.94885,-19.957075,18.023762,10.300072,24.908459,5.461219,19.22436,-0.3849407,16.752415,14.873989
-115.40511,111.93791,-21.573174,41.760513,-10.736085,16.722635,0.6606954,19.042772,-2.7856424,7.7904143,-6.6627474,9.24769,0.95703596
-86.542046,109.79531,-31.278942,39.253067,11.514048,16.09413,-7.5440865,11.981045,-3.170661,6.118786,1.2581203,12.568156,12.484216
-107.55603,122.72881,-14.011513,30.842226,4.2923107,14.749788,-3.6495156,13.685856,-1.4994826,1.8048772,-4.6689897,-0.72134954,-2.675711
-149.44386,133.62001,-37.001762,29.284893,-15.027614,22.135834,6.5074306,23.76907,6.392081,8.586796,5.596314,1.0301515,11.464521
-103.71371,135.03893,-47.659134,28.341093,-31.241259,14.986084,4.0431356,24.612776,4.7543826,1.9571058,-3.521572,5.511667,18.016424
-76.43909,112.04744,-33.78662,36.95753,5.7330294,17.164816,6.3334093,13.612497,1.7298818,3.6434298,-3.6513424,10.991448,13.050525
-71.60561,111.88832,-20.924873,42.24939,-1.9308974,18.605635,11.2482605,19.098595,6.106783,-5.6279707,-19.288092,-2.7269006,-0.33262944
-107.30922,97.92676,-18.798164,51.01193,-17.303364,35.206947,-4.801107,16.843126,9.521681,3.3684824,-8.833089,3.9673367,0.58893806
-90.37784,106.563866,-31.620625,49.60012,-9.60423,29.930897,-2.1194959,12.444382,10.379463,4.2442055,11.550596,10.119051,13.685062
-48.604065,91.187065,-10.949509,43.462307,8.936034,21.842628,0.91457534,11.008027,6.613123,11.701741,7.0291934,14.825236,10.255878
-52.212437,86.99519,-10.698041,43.611317,8.610684,15.903254,-5.2392006,18.217602,1.3568665,11.728689,4.3471804,20.025135,9.730816
-132.86693,94.668755,-17.25088,40.86719,-12.272338,17.72029,-4.36861,20.112986,3.6681628,13.310981,-1.0286065,11.684869,7.545214
-157.75685,111.43673,-18.405449,46.4235,-11.885172,9.274859,-2.963038,16.871553,7.6900144,9.603295,-1.3726677,5.6676216,1.7263217
-99.55766,114.069916,-21.88308,37.16203,-3.0040412,5.6407547,-7.8995786,14.856414,6.9447613,12.695764,5.1905303,7.2230716,2.8787827
-90.30561,121.3179,-20.516659,31.911451,12.050195,11.533714,-0.1116989,14.645147,12.182816,9.92726,7.928014,5.0483155,1.0351748
-132.06172,94.40942,-12.197134,40.99827,-4.4550533,24.494623,-2.4905722,17.029022,6.2235823,11.038609,5.598304,6.127205,-0.6047325
-130.55539,110.30859,-34.365112,45.677887,-9.630117,27.45181,-12.160587,7.5590982,7.916494,5.0254107,3.7162127,7.6292086,8.139538
-95.34259,102.42162,-31.990025,63.6444,-9.914851,29.186657,-12.205243,5.7737365,7.5517735,9.545656,0.5580763,0.52852076,-2.535896
-80.52625,116.05757,-21.488527,46.582237,6.104007,17.219435,-2.1033344,8.236358,9.099641,5.4739127,-0.46478954,5.1226077,2.0314434
-109.25153,115.73652,-22.025126,36.012623,-2.0966196,17.055779,-1.6050063,15.666388,1.6103356,0.47321323,-7.326396,5.5296583,8.104497
-196.4939,122.86407,-6.2313237,41.700443,-11.275409,9.42194,-4.811499,18.869835,12.663756,4.6631455,-9.775836,4.7484574,8.631872
-171.82036,113.012436,-11.601309,46.262455,-13.781715,10.867296,-4.5703454,17.435078,13.23573,6.948763,-12.066964,-1.4882178,-2.3867881
-93.640434,117.747536,-13.507348,41.664146,11.6891985,5.33483,-3.9997463,13.882341,11.872133,14.316973,8.456624,16.659382,8.57298
-91.35217,109.72161,-13.088835,40.910618,3.162439,7.812559,-7.05362,11.654066,11.5547695,14.893029,8.299656,15.442853,13.461775
-178.23805,111.819595,-8.581387,44.16957,-3.820417,16.837313,-5.885162,13.193253,7.799665,15.776732,9.684773,20.027412,22.258806
-155.64784,95.90806,-8.909212,56.97534,-11.857707,20.543238,-1.3408794,9.885174,8.014275,16.011599,7.343347,15.113029,8.397354
-125.2707,84.926384,2.5901854,52.339123,-1.9527196,18.817068,2.9989927,21.918623,-0.1714588,15.589282,-0.32235548,9.493746,-4.681995
-127.814545,93.50016,-0.54163265,54.256664,-0.030860567,22.570734,1.5490378,24.251434,-0.63301754,7.722088,-13.741292,-10.440064,-19.864298
-184.42464,131.01768,-2.840645,49.01917,5.6031547,29.204432,5.231367,15.373742,-5.303958,-4.513462,-7.541732,-7.3123064,-9.1214695
-260.5125,137.17664,32.04542,55.66864,9.25525,16.933657,14.022043,13.85401,-3.533708,-9.610729,-2.1572006,-5.9376125,-7.0066676
-268.2736,136.82475,50.37027,52.466843,-3.8903234,16.532467,4.2202363,12.010535,0.54129416,-4.4585094,-5.8882866,-11.294127,5.5942807
-283.8492,143.34702,59.55262,51.903217,-2.7726295,8.061495,3.0918984,4.0727944,-4.161342,-5.7422004,-9.023229,-13.318168,-0.31440946
-262.3682,126.92899,45.36559,63.502335,-1.2405454,15.812889,-2.15344,1.4890332,-6.9361076,-8.335178,-6.3079996,-8.328371,-1.0326766
-199.37325,95.6728,29.894775,72.60282,-14.348028,24.583488,-10.623056,6.0356245,-9.754055,7.945516,0.1789798,-4.7097807,-6.242557
-144.22433,105.17497,-5.300502,61.188725,-24.7602,17.362583,-4.582745,18.270792,-7.955844,-1.9640168,-9.18974,-5.5750394,13.3089
-136.67416,117.548485,-13.873218,38.604492,-20.49713,21.635756,-1.208062,25.003033,-13.454022,-0.3786834,-22.751608,-8.047095,-0.5899507
-195.03717,146.59918,4.130208,31.662138,-12.493736,18.391253,0.33260295,12.684753,-1.9310867,-4.7065277,-8.687687,-11.784203,-7.118911
-228.79108,142.9712,21.117607,38.76432,-10.802371,17.087309,3.3552485,5.8776436,-2.7688978,-5.6996756,-7.50935,-11.839082,-10.179048
-149.97845,101.55657,-3.7142515,59.240074,-30.955229,18.62683,-2.8201103,19.314423,-4.31436,1.6303418,-10.450343,-9.718012,-1.2715294
-148.4625,128.0973,-23.18151,36.325157,-17.382875,16.178991,-1.2119992,24.796412,-4.5274353,2.49137,-12.299657,-7.795521,10.299398
-165.45781,137.5121,-13.835748,25.191065,-17.334282,23.39644,-7.9162846,14.5528555,-0.98223096,0.582493,-9.759807,-11.74089,5.440145
-233.35747,157.33287,15.208004,20.047022,-6.8173223,14.8912115,1.3472371,6.2860546,1.4118783,-2.1106534,-3.9608452,-7.2775474,3.489383
-206.38072,136.97388,17.108217,34.095703,-21.749744,13.231166,-8.125901,7.3541503,0.039452177,-2.0996597,-4.211565,-6.6426015,-7.8755074
-158.32138,119.97717,-2.6305192,31.465403,-6.041226,7.3521247,-13.010779,13.131819,0.41394496,1.9470179,-7.071952,-4.295526,-8.131046
-125.48122,118.41756,-15.14408,43.832058,-7.6290135,15.737157,-7.46553,12.998297,-7.237845,1.1559536,-13.354475,-10.893215,-10.579662
-178.40027,151.66533,-4.5338187,38.499302,-8.558638,10.135563,-5.79235,10.928435,1.7786589,-6.0453186,-6.34655,-5.034455,-6.0837893
-183.58495,151.17528,-2.2561648,32.59819,-19.555748,3.6827574,-4.965629,16.663588,4.1625752,-8.891168,-0.4207965,3.0650969,-6.871379
-214.04245,155.49619,9.752722,23.102087,-1.0919235,14.245385,-1.6949832,11.687776,-0.25475731,0.20792274,2.791588,-2.8581345,-2.9927213
-224.31105,169.01112,4.7295957,15.885236,7.64201,13.092032,0.34052587,5.5617814,-3.5981147,-3.645561,2.6282525,-3.29842,-1.3359293
-197.68364,142.41432,-1.5386193,33.989292,-3.7563188,25.374414,-2.5179203,2.3530908,-3.159429,-2.4145892,-2.495098,-2.0319521,-1.6733719
-160.7596,107.29014,0.92689586,46.446808,-17.60602,30.583542,-3.120179,9.369917,-6.4858127,8.584231,-1.3740146,-2.0011845,-2.8686204
-125.09361,114.56497,-25.794865,45.004368,-21.930323,21.763775,-3.8974738,18.635052,-6.407179,2.0935738,-3.0025027,-1.3872858,15.669808
-103.6942,106.39725,-35.639534,40.607018,-12.810004,19.984516,-0.8305917,24.906414,-7.192386,7.01028,-6.840393,0.78078675,2.655102
-129.36362,110.38521,-18.241785,43.114063,-7.5543923,20.676788,-1.016437,22.580366,1.2024833,13.573861,4.182733,7.692644,-0.56166804
-132.20049,99.611145,-18.50101,51.345398,-8.962936,26.234505,-2.4588296,22.362524,0.6606108,13.752285,3.5854774,4.43981,-8.413075
-112.35524,90.62075,-18.021748,49.728355,-15.286918,30.350388,0.29499272,23.437649,-5.705474,3.8062198,-6.1604843,9.893989,8.592846
-103.549416,96.367775,-31.145096,39.947525,-11.56833,18.967073,3.1560764,14.671346,-5.4694643,-3.322009,-4.91717,5.997319,9.095574
-91.60817,88.13686,-31.593958,35.181526,-14.147149,20.563574,2.9702744,22.708096,-3.2067056,7.3772798,4.1746287,13.153314,16.454645
-103.99535,91.43273,-27.389608,31.793661,-2.3973067,26.723036,10.619352,20.511728,-8.485246,7.645758,0.15210792,24.939976,19.619104
-149.38805,90.91545,-35.018578,25.608606,6.8655047,27.136417,11.063957,14.989184,-3.6608438,9.295061,10.426962,25.464327,19.31826
-79.833176,91.52971,-15.161894,29.337584,12.808079,23.846703,11.650566,20.249193,-0.7384908,9.101284,6.455075,16.439615,12.275442
-75.07599,83.0652,-24.73572,38.619324,0.38550296,24.707026,-0.29602033,21.057922,1.2540135,13.086183,7.4731965,21.476267,11.062174
-138.97499,96.87718,-25.438995,39.352013,-10.923017,21.697323,4.309416,19.878527,-2.8323774,5.2476864,3.4884636,20.222437,21.679169
-136.65619,100.188614,-22.956003,40.797146,-4.942508,24.54823,4.990529,20.169447,0.0419413,8.481485,2.6461267,13.024359,14.223664
-82.52647,103.1338,-31.922102,26.55914,-0.9349634,17.630642,-3.4804063,20.632212,2.754127,11.557621,5.491356,12.641869,20.368258
-88.80061,110.08752,-25.78761,30.585682,13.290356,20.998722,6.849775,12.487436,2.5748925,3.16672,5.398835,5.460507,5.9837513
-143.88554,107.54625,-26.101,33.293293,-14.09943,24.094868,-0.17198059,25.307913,0.7279915,13.520973,2.269111,10.610569,15.972427
-141.26585,96.67718,-18.972952,40.728226,-11.539597,26.398228,1.3617735,25.524315,3.2962275,15.321193,2.1942332,14.152696,0.07806703
-104.969864,110.9318,-13.637816,49.442673,-9.490011,17.494493,-2.197014,26.464287,4.3285418,9.54719,-0.7121994,11.112687,3.630185
-75.282974,118.66403,-21.333485,29.15673,16.342897,14.4864645,-0.81429076,14.969656,10.434299,11.654927,6.989813,6.670365,1.7814022
-157.6771,123.88438,-26.528011,28.429369,-2.618772,24.84524,-0.5195197,14.163909,0.64447725,5.405285,-3.5348604,-0.5894684,7.7297974
-165.2562,119.93884,-17.819244,41.94964,-5.738336,24.636944,0.6077468,8.59697,-4.7839694,-1.7577256,-6.6195645,-6.7891827,8.165193
-98.760284,112.7111,-20.812342,31.971947,1.3836308,22.781532,-2.7403398,14.38697,6.0727963,4.3833265,-1.6024231,-0.7096033,3.9721067
-92.47076,119.92937,-16.029245,31.03527,12.105326,9.591885,5.872952,21.348362,17.039293,7.0478935,1.779045,8.015648,7.8894973
-133.89468,110.52314,-19.90191,37.285175,5.6603823,26.020084,-2.0492373,6.497881,2.3369699,4.925507,0.62468845,1.349946,9.938123
-154.48546,99.19657,-22.70821,31.522398,-8.566312,27.021671,-0.71293026,13.490214,-5.9051585,16.530937,5.137775,16.259966,7.2219167
-105.6363,98.07182,-34.55301,46.669086,-6.6887116,33.650772,0.34886456,19.120789,0.07273326,17.972347,1.2092425,11.69622,0.2552283
-66.383224,80.48106,-17.217228,45.389816,5.8785586,20.196459,-0.3942934,21.565086,2.5931914,18.598875,6.0355535,13.689887,-1.6606225
-94.9525,97.81954,-23.407864,43.18237,-4.7226977,24.57159,-1.9250702,17.383488,0.0004331012,15.656904,5.245551,8.442231,3.5467575
-145.47256,116.53564,-31.56203,48.916843,-18.229994,23.833357,-3.0819092,11.565201,6.637197,8.906946,2.3017807,3.0726159,15.666286
-118.013626,96.60268,-23.643349,45.117973,-11.334263,29.994328,-5.5424757,10.45288,3.8925898,7.8667064,3.1363862,6.6666927,12.855077
-73.07327,113.77957,-33.35873,27.40124,-4.4223905,23.737856,-2.8036668,10.713484,7.943246,9.945807,7.9416213,17.853323,12.039031
-87.47094,110.48765,-18.249304,29.347242,2.0462785,21.605236,4.4345837,14.08994,5.352985,5.1533294,6.571802,7.471376,11.422985
-134.03168,121.57003,-24.961733,22.684055,-19.842194,23.27632,6.102689,28.40361,5.778185,15.280874,-0.8339314,9.840997,19.28834
-113.419106,114.14867,-28.529188,38.069687,-21.592402,11.785596,1.6514238,18.057388,3.1153533,14.867245,-0.21886005,12.572452,8.023951
-89.32422,100.102905,-38.62859,50.985844,2.8493922,23.210163,-6.175499,11.225188,-4.8320374,6.1071296,-3.3676329,14.165537,9.844626
-74.38591,118.1916,-21.855652,33.99783,4.3719134,10.662533,3.5874045,16.532013,4.8577733,1.3719399,-1.5329293,4.198393,1.8604006
-125.07882,128.12498,-29.259596,49.094566,-18.586967,17.728611,1.4175792,15.060587,-0.57871914,-2.299134,-4.552384,2.313637,9.189713
-103.862495,141.13388,-51.327175,23.721766,-36.468784,14.763378,2.5264473,20.975199,6.6069746,5.0500455,-1.2364299,1.3857975,11.125675
-68.80576,121.840096,-39.611588,41.269516,-2.5589964,16.491535,2.7886634,13.751038,0.43274128,0.8081046,-11.57422,7.31593,13.101559
-64.329796,115.428276,-22.682098,43.714596,-2.3081632,18.718702,11.127959,13.538586,3.7796607,-4.6583743,-13.6343,4.3206086,7.2967052
-92.4518,93.80771,-12.455868,54.118862,-18.635681,29.882078,-0.83180624,21.610418,4.7826962,1.2953228,-13.690025,-1.0445688,-6.339677
-106.57199,111.10775,-26.59325,53.432236,-9.945166,35.424164,-4.911141,7.829917,9.81528,-1.4390364,3.099496,6.806769,8.029298
-53.914856,96.733215,-18.263597,42.53948,3.682758,24.210817,0.23901096,12.217062,7.764942,10.087433,8.61525,13.6918335,12.694606
-45.1437,87.46006,-9.881524,35.51193,3.175227,13.995299,-0.43170595,17.818218,-0.36859396,14.809157,9.306228,23.41062,13.142288
-84.12726,98.49977,-28.302828,28.419445,-15.163992,16.33123,-6.7143383,20.264774,4.860758,18.348381,11.507626,24.464977,13.576484
-128.3624,114.14528,-26.667915,34.605537,-16.716719,21.711607,-0.90128034,17.110617,4.866496,12.547514,8.529917,18.490114,16.448318
-121.90069,111.036224,-23.936272,31.619541,-12.373856,24.715696,-3.6131918,22.529316,1.3494719,10.855067,0.10733645,5.2314105,8.275605
-75.55376,106.962944,-27.531013,31.104044,8.985629,16.244856,2.2649267,14.731899,5.7780237,9.673636,7.8754654,8.57176,12.845704
-91.11022,109.485985,-28.185024,30.45061,-4.3953204,20.764828,1.5326201,16.95741,10.226734,18.651545,9.958301,4.348254,6.3046412
-129.21745,111.30665,-20.495703,36.802696,-19.178782,19.562801,-5.721224,20.584661,3.5097032,18.842619,3.206461,12.556522,11.893739
-118.1286,100.985374,-22.564917,42.586193,-13.465677,27.722486,2.1660333,22.074823,-0.8344332,10.387109,-1.8604141,13.410391,0.21967919
-92.862915,118.05338,-20.145382,47.05535,-1.7631258,22.475306,1.6405183,21.699524,3.5143468,8.539873,0.2163567,12.894199,7.944245
-83.15686,111.48063,-23.826962,32.556824,6.765813,19.943321,2.5397964,12.770046,5.0342503,13.773835,9.304447,15.654117,11.4743395
-179.65765,131.84499,-21.388226,34.666786,-6.070937,25.465145,3.454543,9.962879,0.5071754,5.505005,2.5175486,9.002476,23.13521
-174.53165,121.960594,-15.26541,35.63042,0.6195599,24.401464,2.422563,2.5452669,-2.216742,-5.2422776,-3.0909128,-2.587345,12.294376
-89.62133,116.74537,-21.786201,24.103695,-1.6589305,16.33298,3.0708845,25.598888,14.638848,9.468727,0.39022583,5.3328066,7.9176664
-89.61428,116.85681,-15.747675,35.73832,11.783817,16.782007,3.78319,18.28302,12.404195,5.3294125,0.02441383,4.578808,4.9159136
-129.73169,105.48068,-9.9814,42.11109,-4.4559655,31.482796,-10.759034,8.419168,-2.1320577,14.756542,1.393087,6.9962153,3.0831282
-116.598976,113.126625,-27.27906,27.782984,-18.197254,19.480494,-5.174943,11.309407,-3.9897344,15.047092,4.6617875,15.962054,5.079926
-82.209,104.60337,-27.100424,42.650143,-10.71323,26.11335,-1.191073,17.305353,-0.9066064,10.04526,-7.326443,3.9443245,-5.0265408
-48.303596,86.61747,-18.411198,40.383823,7.3117504,17.279112,-5.5227137,13.651966,1.2029301,19.238258,7.6978974,17.285723,1.6177303
-113.78823,104.73461,-33.39932,47.329308,0.60886323,25.885506,-9.272967,11.531359,-0.40127772,10.953178,3.3157558,6.9526978,1.6340562
-182.58255,122.04195,-23.592188,47.54466,6.8605685,22.690577,-4.1184115,12.046344,6.3194227,6.051514,6.2994804,4.3108544,11.11813
-103.94522,96.15469,-19.61016,35.746643,-6.5153804,30.158709,-4.0260086,13.501794,-0.6801918,5.1871624,1.4086833,8.594079,7.5291367
-74.496414,109.74058,-31.097841,27.758522,2.2220695,23.90529,3.1800687,11.3553705,9.3125515,4.3395095,8.445798,15.839195,15.430344
-106.16137,114.36177,-18.700386,31.29851,-8.723775,21.258142,0.32365656,17.490479,0.93253565,5.3381786,2.2129738,6.9976482,17.21978
-129.1232,116.009766,-32.99142,19.537811,-22.413773,19.015781,10.910533,27.309658,6.88838,18.69819,-0.08469455,16.188356,14.44874
-115.1071,112.24656,-22.398567,38.806156,-13.447615,14.532746,2.8595936,18.645327,-0.07629612,8.045835,-4.3590817,9.931454,2.1380522
-87.92892,108.10883,-32.348682,40.972572,10.1802435,18.098,-7.50087,13.921655,-2.9111614,7.8614497,2.5833535,14.4619055,13.367173
-94.354065,123.340614,-15.627517,32.430794,2.6622887,13.078185,-4.174951,14.189759,0.9857144,3.2725344,-3.7764537,3.1100233,1.0735825
-124.520096,136.65607,-42.614326,32.630722,-22.20935,20.846619,2.3604012,20.568233,6.0302644,-0.06610286,0.039346736,8.011232,16.048595
-100.99897,137.63025,-48.65151,25.34063,-33.503048,12.06028,2.4375718,24.337635,5.4315186,1.6998625,-4.726897,4.9595485,18.33311
-76.66181,113.22161,-38.950787,35.721184,2.6485887,17.847637,4.05593,14.340887,1.5027874,4.74128,-3.909362,12.369344,14.16261
-69.88127,112.405876,-19.917294,40.855556,1.1291305,16.645594,12.239209,18.559206,9.463073,-4.0556045,-17.237274,-1.6101394,1.5146546
-106.52572,94.22263,-17.21761,52.773937,-17.081745,35.194954,-3.8139367,20.043436,10.640924,5.4034624,-9.27181,2.769898,-4.6137238
-93.33031,108.51241,-35.756435,48.4749,-11.168347,31.797148,-3.7049801,11.725864,11.768204,4.8718324,11.358821,10.556317,13.29191
-44.30104,98.491936,-14.478577,36.570457,2.183837,18.898792,2.6721368,14.812445,9.2923765,12.591334,9.334983,18.055416,11.69045
-43.448524,88.99108,-10.766257,35.83702,0.9158671,10.044345,-4.840076,17.770805,1.3711866,9.690264,5.7655287,24.203667,15.73228
-113.030624,100.73393,-17.367388,34.039894,-16.892641,11.880036,-4.8136697,18.741142,2.698433,8.811288,2.2201579,20.596977,16.152979
-137.77533,118.41046,-20.652937,35.683884,-21.765562,5.5509458,-4.975394,19.067648,10.58534,7.742778,-0.47171605,10.487016,3.99192
-89.39731,111.799324,-28.056587,35.9716,-10.852747,9.364059,-10.302308,12.165323,7.8160896,13.937186,-2.7624846,1.0714989,-0.7543894
-78.383804,115.501976,-29.331415,33.5136,14.438232,17.152636,-2.98564,10.196868,8.138685,9.390389,5.4554873,10.685328,8.269594
-115.58808,91.77808,-23.733791,42.233128,0.8345246,31.848755,-7.1719594,15.304476,11.185794,14.313233,4.8140626,10.747587,4.594837
-123.69546,107.42376,-35.04419,47.579575,-10.707505,30.502739,-14.900098,4.4146914,9.080558,6.0632906,2.7003906,9.309461,9.607086
-97.69017,97.63532,-29.288765,63.856808,-6.5981245,27.602854,-13.456897,7.4021573,4.0935936,12.750168,-0.28100243,3.0364873,-2.5339136
-74.60848,114.27493,-18.747232,48.29717,3.5397072,20.63388,-8.580711,12.406352,5.0540237,4.5711713,1.840577,2.608247,5.4852023
-113.50256,112.25303,-20.464663,28.800184,4.99919,19.9758,-3.4620092,16.13377,3.306141,5.143601,-0.029730842,14.877633,17.060017
-158.20065,126.67588,-23.323364,32.711647,-15.705573,14.6551285,-14.493942,11.892987,11.353394,11.353434,-3.0750113,3.7281187,3.5905652
-112.573616,103.75303,-35.918037,47.259262,-16.044065,21.588865,-18.064014,6.8898463,8.155669,9.206841,-2.711171,0.5647258,-5.2690363
-82.57596,108.98352,-16.283684,38.652637,10.839273,15.758876,-6.311134,17.380205,11.52158,9.809493,7.1993346,8.282117,0.7158114
-76.22052,104.80325,-16.710955,41.483646,10.145675,21.773476,-3.4651,10.568976,9.280796,11.146789,4.9740634,4.5202394,2.2331328
-112.26707,96.26318,-47.197464,46.241684,-3.9939082,35.352478,-22.265776,7.689963,7.268931,13.53531,3.7485678,0.5687848,1.7340828
-97.8272,112.84844,-43.531708,44.49,-10.514277,23.265465,-12.500805,4.6760206,1.8559333,3.6182637,3.3893805,7.9508433,5.336672
-53.079285,97.80841,-15.751841,46.665104,5.5484653,25.772722,-1.0366945,12.418836,5.745619,4.971387,-2.6732178,6.1112065,2.6695533
-61.71481,87.99002,-13.515229,43.269684,7.6905823,15.408078,-4.514983,19.139568,0.76364356,13.707148,6.3506703,22.601276,13.079206
-144.5093,113.39979,-20.39753,41.936264,-13.8044615,15.391343,-7.1345563,21.735533,4.8420873,11.315291,0.7486913,12.80299,12.826137
-168.59079,131.79018,-16.470634,43.88882,-16.952942,6.0753365,-3.138031,14.547359,11.89863,6.348865,-3.548889,6.4259944,3.7329857
-110.321846,116.22034,-19.728249,34.796303,-1.8509257,9.667803,-5.640794,15.008203,7.2119913,9.449629,-1.8666931,3.0659978,6.5677485
-77.03891,110.47996,-28.663115,45.099518,12.99498,14.775936,-1.5857772,9.249608,5.116849,11.809268,8.36917,1.9338411,13.149583
-119.56041,94.22529,-18.208847,46.98713,-11.704982,26.35804,-0.34141207,11.279691,3.1693876,10.748819,8.256153,15.721639,10.287591
-121.47657,113.112495,-37.822674,46.28675,-9.287525,27.162104,-11.70731,6.4921236,5.686153,6.1880083,4.6082377,10.014053,9.351104
-96.38328,98.21526,-28.977028,64.09871,-7.298337,29.72888,-15.343256,8.067623,1.3659573,11.338913,-2.1841455,1.8089145,-2.7954102
-78.81938,122.12958,-16.326963,39.121902,12.754676,12.874319,-4.5567746,11.982399,6.534233,7.9715886,3.7644851,7.234416,5.5782914
-127.625565,115.35944,-21.342659,27.913189,-1.9137577,18.772644,-5.2244396,15.9770565,1.494421,7.780356,-0.80777615,13.942817,15.648955
-181.93065,131.69096,-12.722973,33.48082,-17.724096,8.471344,-6.8355956,14.79239,12.126915,6.6818614,-6.2623644,4.5379195,5.597815
-151.6682,122.578445,-17.154064,39.311977,-17.858547,8.694505,-6.3717055,15.836915,12.115222,6.313285,-10.980967,0.6170282,0.11841274
-79.90579,118.65778,-17.329292,41.365852,11.100998,7.399465,0.67257607,17.047098,10.119511,6.7365217,4.3833833,14.1756735,6.915949
-98.131805,102.95752,-15.979498,40.24326,3.3697119,11.819877,-0.8706783,17.416483,8.866817,9.938391,4.617468,8.197329,8.00095
-119.9231,65.50462,-15.219653,50.65332,-6.9602666,19.575447,-2.2309494,20.771868,-1.6386443,14.745333,7.596549,17.162457,5.4309573
-244.71573,79.122025,-0.2616343,38.413147,2.5615497,13.443106,-5.192008,1.6764464,-7.4950404,-6.8477173,-3.3753648,10.584909,7.5128202
-352.0308,39.223198,-16.748087,11.547989,-15.545029,-1.5104039,-5.551694,2.0764902,0.4649007,-5.0987587,-1.1051658,13.246673,18.142988
-480.26245,2.0099442,0.9345689,-0.3716504,-1.4488766,-2.0012133,-1.958899,-1.4157097,-0.53799945,0.47267857,1.3700199,1.8802357,1.7960551
-481.95273,0.029988192,0.0132033,-0.008181362,-0.02670845,-0.03591906,-0.03260533,-0.017928485,0.0029884018,0.0228491,0.03473044,0.034496807,0.022240274
-481.9784,0.0,0.0,0.0,0.0,0.0,0.0,0.0,0.0,0.0,0.0,0.0,0.0
-481.9784,0.0,0.0,0.0,0.0,0.0,0.0,0.0,0.0,0.0,0.0,0.0,0.0
-481.9784,0.0,0.0,0.0,0.0,0.0,0.0,0.0,0.0,0.0,0.0,0.0,0.0
-481.9784,0.0,0.0,0.0,0.0,0.0,0.0,0.0,0.0,0.0,0.0,0.0,0.0
